53405876
966361041615420549
1354834462785339146
1142432302520416572
802661798573518434
613696981923953590
1072544427893766900
944812032621764061
947686257505463058
607450180569616880
1141152298828749123
1141019716590861323
613718911476343470
1268003258297214510
1249722268673515844
1306329571086994727
54313237
1043331473239218816
1020006755000717527
1070715493611412169
1110614374862938682
746821155622651432
1110504282207128784
1146824549793277881
54322608
48844158
1386741877453377895
1049832182508679558
1140990152782494672
868989539618787557
1188266313370020824
1151979958392624608
647859569593494573
1283105866949331559
1039594870058876599
1011410413977114644
865626499752065013
998960972951022567
1260666417853128370
1085258591325636221
1309121739894766934
1204240042050748978
792550881456421644
1015996314331560158
1482453475217255903
1217300532539600130
1111400458538784060
1368744919616231210
991083304092759074
1186777986184484998
1236765212407623623
1134141839166077170
1028759840372613343
1125172787457415490
1251103016454627206
1165903318407369186
1099019098115393597
1213616097912623703
1031648299427253631
919349913129259110
1111348807065221656
1446977902799615611
890107989655486787
1173287125676380405
1141007715774463160
792558559426378988
873553725358526824
1031875726847654599
40459967
1051279589264679917
573712116115316359
667514615849464998
1249717444587878281
1177344494571562157
1067120711069925507
896949659291211433
1149865794008950470
1482675946902347561
772167045432535141
1024341030387170322
1488330305902266785
918787435070096059
1092631503503428125
1283749449853806365
1181309754893350604
1019200463572612222
615635657771021408
1140412604051433162
1122287114195265264
53945440
1188114181434831595
1183119538957471336
1001291910688919672
1112023454471273276
961409582862967158
1183461932397871113
1284690806746012754
969479068951079586
1026505361811097030
1236778968908504331
1196125673282762172
647858583806341031
851132347514851095
1067265086631629461
1177817085914226647
1302577152192184756
1329532754097283452
1254308778848532364
1299064672194865081
1099952769761302563
1075163096458942046
1107713326149392729
1049155125148321933
1133818456501368554
1308064015990280837
1323854741010489685
857703156724549189
1239541765394292563
1091930123245011611
1114914055383806629
938168199976906346
1208027685114069202
1120885682848519259
826611337832435503
1299894527776267563
702618921046015429
1012199573410212355
1178069962444435871
1298961539630873740
1125995862812857141
1206455163225260630
1290343221019091280
998248599299737396
1321640931731823281
51031773
1223023239700857885
868269190154349609
868932645483364522
1251830389920822392
998248555044924787
1121875871279191296
1239750397410713136
1090433379192419624
1129004269501556286
1309131780851428717
1259275511477677492
21626081
