46759293
22310925
745736607553255644
1099975499031736708
758528236780875964
1094803200886730761
757801810236222307
44388560
1036598840002409071
681026428070063125
48163346
1253407495091123317
16718415
687968798670084941
607480399920434717
1041871521054454060
1035346817397986983
1161389887280809853
1036678775573363953
843855629541418263
863594355293917578
1249766843684410513
35561050
1384649295138743749
51997918
582315605497770881
47571895
867098721341231788
1267983333111587448
695963385836242013
1327479357920859251
47546211
1278086793923919965
1293366180679607978
736597806555643901
1303463564063179667
1142038126917727009
1365808478990208340
1318662055900802148
1355511153573216420
1039570926864383500
1338379578014259167
1048965971925490168
719276303778165002
594899696356082779
683714509112428279
1380928593250917834
594051227948531976
863609856055014684
582323326027631047
594035626705000118
660554331111604649
643221392254990243
760145787160037583
572290458652924903
1370975710130113787
746783395898880314
603941665973608185
1034558134516121575
572293753950121506
54142780
